1:[2, 6, 7]
2:[2, 6, 7]
3:[2, 6, 7]
4:[2, 7]
5:[2, 5, 7]
6:[2, 5, 6, 7]
7:[2, 7]
8:[2, 6, 7]
9:[2, 7]
10:[2, 7]
11:[2, 5, 7]
12:[2, 5, 6, 7]
13:[2, 5, 7]
14:[2, 5, 6, 7]
15:[2, 7]
16:[2, 6, 7]
17:[2, 7]
18:[2, 6, 7]
19:[2, 7]
20:[2, 5, 6, 7]
21:[2, 5, 7]
22:[2, 5, 7]
23:[2, 5, 6, 7]
24:[2, 6, 7]
25:[2, 5, 6, 7]
26:[2, 5, 6, 7]
27:[2, 5, 7]
28:[2, 5, 6, 7]
29:[2, 5, 6, 7]
30:[2, 5, 6, 7]
31:[2, 5, 7]
32:[2, 5, 6, 7]
33:[2, 5, 6, 7]
34:[2, 5, 6, 7]
35:[2, 6, 7]
36:[2, 6, 7]
37:[2, 5, 7]
38:[2, 5, 6, 7]
39:[2, 7]
40:[2, 5, 6, 7]
41:[2, 5, 6, 7]
42:[2, 6, 7]
43:[2, 7]
44:[2, 5, 6, 7]
45:[2, 5, 6, 7]
46:[2, 5, 6, 7]
47:[2, 5, 6, 7]
48:[2, 5, 6, 7]
49:[2, 6, 7]
50:[2, 6, 7]
51:[2, 6, 7]
52:[2, 7]
53:[2, 5, 6, 7]
54:[2, 5, 6, 7]
55:[2, 5, 7]
56:[2, 6, 7]
57:[2, 6, 7]
58:[2, 5, 7]
59:[2, 7]
60:[2, 7]
61:[2, 7]
62:[2, 6, 7]
63:[2, 5, 6, 7]
64:[2, 6, 7]
65:[2, 6, 7]
66:[2, 5, 6, 7]
67:[2, 5, 6, 7]
68:[2, 5, 7]
69:[2, 6, 7]
70:[2, 6, 7]
71:[2, 5, 6, 7]
72:[2, 6, 7]
73:[2, 5, 7]
74:[2, 5, 7]
75:[2, 6, 7]
76:[2, 7]
77:[2, 5, 7]
78:[2, 5, 7]
79:[2, 6, 7]
80:[2, 7]
81:[2, 5, 6, 7]
82:[2, 5, 6, 7]
83:[2, 5, 7]
84:[2, 7]
85:[2, 5, 6, 7]
86:[2, 5, 6, 7]
87:[2, 6, 7]
88:[2, 5, 6, 7]
89:[2, 5, 6, 7]
90:[2, 6, 7]
91:[2, 7]
92:[2, 7]
93:[2, 6, 7]
94:[2, 6, 7]
95:[2, 5, 7]
96:[2, 5, 7]
97:[2, 5, 6, 7]
98:[2, 7]
99:[2, 5, 6, 7]
100:[2, 5, 6, 7]
101:[2, 5, 7]
102:[2, 7]
103:[2, 5, 7]
104:[2, 6, 7]
105:[2, 5, 7]
106:[2, 5, 6, 7]
107:[2, 7]
108:[2, 5, 6, 7]
109:[2, 5, 6, 7]
110:[2, 6, 7]
111:[2, 5, 6, 7]
112:[2, 5, 6, 7]
113:[2, 5, 6, 7]
114:[2, 5, 6, 7]
115:[2, 5, 7]
116:[2, 5, 7]
117:[2, 6, 7]
118:[2, 5, 6, 7]
119:[2, 5, 7]
120:[2, 7]
121:[2, 6, 7]
122:[2, 5, 7]
123:[2, 5, 7]
124:[2, 6, 7]
125:[2, 7]
126:[2, 5, 6, 7]
127:[2, 5, 7]
128:[2, 5, 7]
129:[2, 7]
130:[2, 5, 6, 7]
131:[2, 5, 7]
132:[2, 6, 7]
133:[2, 5, 6, 7]
134:[2, 5, 6, 7]
135:[2, 7]
136:[2, 6, 7]
137:[2, 5, 6, 7]
138:[2, 5, 7]
139:[2, 6, 7]
140:[2, 5, 7]
141:[2, 5, 6, 7]
142:[2, 7]
143:[2, 5, 7]
144:[2, 5, 6, 7]
145:[2, 5, 6, 7]
146:[2, 5, 7]
147:[2, 5, 6, 7]
148:[2, 6, 7]
149:[2, 5, 6, 7]
150:[2, 5, 6, 7]
151:[2, 7]
152:[2, 5, 6, 7]
153:[2, 5, 6, 7]
154:[2, 6, 7]
155:[2, 5, 6, 7]
156:[2, 5, 6, 7]
157:[2, 5, 6, 7]
158:[2, 5, 6, 7]
159:[2, 7]
160:[2, 5, 6, 7]
161:[2, 5, 7]
162:[2, 5, 7]
163:[2, 6, 7]
164:[2, 7]
165:[2, 7]
166:[2, 5, 6, 7]
167:[2, 7]
168:[2, 5, 7]
169:[2, 7]
170:[2, 5, 6, 7]
171:[2, 6, 7]
172:[2, 5, 6, 7]
173:[2, 6, 7]
174:[2, 6, 7]
175:[2, 5, 6, 7]
176:[2, 5, 6, 7]
177:[2, 5, 6, 7]
178:[2, 5, 6, 7]
179:[2, 7]
180:[2, 6, 7]
181:[2, 5, 6, 7]
182:[2, 6, 7]
183:[2, 6, 7]
184:[2, 7]
185:[2, 7]
186:[2, 7]
187:[2, 5, 6, 7]
188:[2, 7]
189:[2, 5, 6, 7]
190:[2, 5, 7]
191:[2, 6, 7]
192:[2, 6, 7]
193:[2, 5, 7]
194:[2, 5, 6, 7]
195:[2, 5, 6, 7]
196:[2, 5, 7]
197:[2, 6, 7]
198:[2, 6, 7]
199:[2, 6, 7]
200:[2, 6, 7]
201:[2, 6, 7]
202:[2, 5, 6, 7]
203:[2, 5, 6, 7]
204:[2, 5, 7]
205:[2, 5, 6, 7]
206:[2, 5, 6, 7]
207:[2, 6, 7]
208:[2, 5, 6, 7]
209:[2, 5, 7]
210:[2, 5, 6, 7]
211:[2, 6, 7]
212:[2, 7]
213:[2, 5, 7]
214:[2, 5, 6, 7]
215:[2, 5, 6, 7]
216:[2, 5, 6, 7]
217:[2, 5, 6, 7]
218:[2, 5, 6, 7]
219:[2, 5, 6, 7]
220:[2, 5, 6, 7]
221:[2, 5, 7]
222:[2, 5, 6, 7]
223:[2, 5, 7]
224:[2, 6, 7]
225:[2, 5, 6, 7]
226:[2, 5, 6, 7]
227:[2, 6, 7]
228:[2, 7]
229:[2, 5, 7]
230:[2, 6, 7]
231:[2, 5, 7]
232:[2, 5, 6, 7]
233:[2, 5, 6, 7]
234:[2, 6, 7]
235:[2, 5, 7]
236:[2, 5, 6, 7]
237:[2, 5, 6, 7]
238:[2, 5, 6, 7]
239:[2, 5, 6, 7]
240:[2, 5, 6, 7]
241:[2, 5, 7]
242:[2, 6, 7]
243:[2, 6, 7]
244:[2, 5, 7]
245:[2, 5, 6, 7]
246:[2, 6, 7]
247:[2, 6, 7]
248:[2, 5, 6, 7]
249:[2, 5, 6, 7]
250:[2, 5, 7]
251:[2, 5, 7]
252:[2, 5, 7]
253:[2, 5, 6, 7]
254:[2, 5, 6, 7]
255:[2, 5, 6, 7]
256:[2, 5, 6, 7]
257:[2, 5, 6, 7]
258:[2, 5, 7]
259:[2, 7]
260:[2, 7]
261:[2, 5, 7]
262:[2, 6, 7]
263:[2, 5, 6, 7]
264:[2, 5, 6, 7]
265:[2, 5, 7]
266:[2, 6, 7]
267:[2, 6, 7]
268:[2, 5, 6, 7]
269:[2, 6, 7]
270:[2, 5, 6, 7]
271:[2, 6, 7]
272:[2, 5, 6, 7]
273:[2, 5, 7]
274:[2, 5, 6, 7]
275:[2, 5, 6, 7]
276:[2, 5, 6, 7]
277:[2, 5, 6, 7]
278:[2, 5, 6, 7]
279:[2, 5, 7]
280:[2, 5, 7]
281:[2, 5, 6, 7]
282:[2, 6, 7]
283:[2, 6, 7]
284:[2, 6, 7]
285:[2, 5, 6, 7]
286:[2, 5, 6, 7]
287:[2, 5, 6, 7]
288:[2, 5, 6, 7]
289:[2, 7]
290:[2, 5, 6, 7]
291:[2, 5, 6, 7]
292:[2, 5, 6, 7]
293:[2, 5, 6, 7]
294:[2, 5, 6, 7]
295:[2, 6, 7]
296:[2, 5, 6, 7]
297:[2, 6, 7]
298:[2, 5, 6, 7]
299:[2, 5, 6, 7]
300:[2, 5, 7]
301:[2, 5, 7]
302:[2, 6, 7]
303:[2, 5, 7]
304:[2, 5, 6, 7]
305:[2, 5, 6, 7]
306:[2, 5, 6, 7]
307:[2, 5, 6, 7]
308:[2, 5, 6, 7]
309:[2, 6, 7]
310:[2, 5, 6, 7]
311:[2, 6, 7]
312:[2, 7]
313:[2, 6, 7]
314:[2, 7]
315:[2, 6, 7]
316:[2, 7]
317:[2, 7]
318:[2, 5, 6, 7]
319:[2, 5, 6, 7]
320:[2, 6, 7]
321:[2, 5, 7]
322:[2, 6, 7]
323:[2, 7]
324:[2, 5, 6, 7]
325:[2, 5, 6, 7]
326:[2, 5, 7]
327:[2, 5, 6, 7]
328:[2, 5, 6, 7]
329:[2, 5, 6, 7]
330:[2, 5, 7]
331:[2, 6, 7]
332:[2, 7]
333:[2, 6, 7]
334:[2, 6, 7]
335:[2, 5, 6, 7]
336:[2, 6, 7]
337:[2, 6, 7]
338:[2, 5, 7]
339:[2, 5, 6, 7]
340:[2, 6, 7]
341:[2, 5, 6, 7]
342:[2, 6, 7]
343:[2, 5, 6, 7]
344:[2, 5, 7]
345:[2, 5, 7]
346:[2, 5, 6, 7]
347:[2, 5, 7]
348:[2, 5, 6, 7]
349:[2, 5, 6, 7]
350:[2, 5, 6, 7]
351:[2, 5, 6, 7]
352:[2, 5, 6, 7]
353:[2, 7]
354:[2, 7]
355:[2, 6, 7]
356:[2, 5, 6, 7]
357:[2, 6, 7]
358:[2, 5, 6, 7]
359:[2, 5, 6, 7]
360:[2, 7]
361:[2, 6, 7]
362:[2, 6, 7]
363:[2, 5, 7]
364:[2, 5, 6, 7]
366:[2, 5, 6, 7]
367:[2, 7]
368:[2, 7]
369:[2, 6, 7]
370:[2, 5, 7]
371:[2, 5, 6, 7]
372:[2, 6, 7]
373:[2, 7]
374:[2, 6, 7]
375:[2, 7]
376:[2, 5, 7]
377:[2, 5, 6, 7]
378:[2, 5, 6, 7]
379:[2, 6, 7]
380:[2, 7]
381:[2, 5, 6, 7]
382:[2, 6, 7]
383:[2, 6, 7]
384:[2, 6, 7]
385:[2, 7]
386:[2, 5, 6, 7]
387:[2, 6, 7]
388:[2, 5, 6, 7]
389:[2, 6, 7]
390:[2, 5, 6, 7]
391:[2, 5, 6, 7]
392:[2, 5, 6, 7]
393:[2, 6, 7]
394:[2, 5, 6, 7]
395:[2, 7]
396:[2, 5, 6, 7]
397:[2, 5, 7]
398:[2, 6, 7]
399:[2, 5, 6, 7]
400:[2, 5, 6, 7]
401:[2, 6, 7]
402:[2, 5, 6, 7]
403:[2, 5, 6, 7]
404:[2, 6, 7]
405:[2, 6, 7]
406:[2, 5, 6, 7]
407:[2, 6, 7]
408:[2, 6, 7]
409:[2, 5, 6, 7]
410:[2, 7]
411:[2, 6, 7]
412:[2, 5, 7]
413:[2, 5, 7]
414:[2, 5, 7]
415:[2, 6, 7]
416:[2, 6, 7]
417:[2, 5, 7]
418:[2, 6, 7]
419:[2, 7]
420:[2, 5, 6, 7]
421:[2, 5, 6, 7]
422:[2, 5, 7]
423:[2, 5, 7]
424:[2, 7]
425:[2, 7]
426:[2, 6, 7]
427:[2, 5, 6, 7]
428:[2, 6, 7]
429:[2, 5, 6, 7]
430:[2, 5, 6, 7]
431:[6]
432:[2, 5, 6, 7]
433:[2, 6, 7]
434:[2, 6, 7]
435:[2, 5, 7]
436:[2, 6, 7]
437:[2, 6, 7]
438:[2, 6, 7]
439:[2, 7]
440:[2, 5, 7]
441:[2, 5, 7]
442:[2, 6, 7]
443:[2, 5, 6, 7]
444:[2, 6, 7]
445:[2, 5, 6, 7]
446:[2, 5, 7]
447:[2, 5, 7]
448:[2, 6, 7]
449:[2, 7]
450:[2, 5, 6, 7]
451:[2, 6, 7]
452:[2, 7]
453:[2, 5, 6, 7]
454:[2, 5, 6, 7]
455:[2, 5, 7]
456:[2, 5, 7]
457:[2, 5, 7]
458:[2, 5, 6, 7]
459:[2, 7]
460:[2, 5, 7]
461:[2, 5, 6, 7]
462:[2, 5, 7]
463:[2, 6, 7]
464:[2, 6, 7]
465:[2, 5, 6, 7]
466:[2, 5, 6, 7]
467:[2, 6, 7]
468:[2, 5, 7]
469:[2, 5, 6, 7]
470:[2, 6, 7]
471:[2, 5, 6, 7]
472:[2, 6, 7]
473:[2, 6, 7]
474:[2, 5, 6, 7]
475:[2, 5, 7]
476:[2, 5, 6, 7]
477:[2, 5, 6, 7]
478:[2, 6, 7]
479:[2, 5, 6, 7]
480:[2, 6, 7]
481:[2, 5, 6, 7]
482:[2, 5, 7]
483:[2, 5, 6, 7]
484:[2, 6, 7]
485:[2, 5, 6, 7]
486:[2, 5, 7]
487:[2, 5, 7]
488:[2, 5, 6, 7]
489:[2, 5, 7]
490:[2, 7]
491:[2, 5, 6, 7]
492:[2, 6, 7]
493:[2, 6, 7]
494:[2, 5, 6, 7]
495:[2, 6, 7]
496:[2, 7]
497:[2, 6, 7]
498:[2, 5, 7]
499:[2, 5, 6, 7]
500:[2, 5, 6, 7]
501:[2, 5, 7]
502:[2, 6, 7]
503:[2, 5, 6, 7]
504:[2, 5, 6, 7]
505:[2, 6, 7]
506:[2, 5, 7]
507:[2, 5, 7]
508:[2, 5, 6, 7]
509:[2, 7]
510:[2, 7]
511:[2, 6, 7]
512:[2, 5, 7]
513:[2, 5, 6, 7]
514:[2, 6, 7]
515:[2, 6, 7]
516:[2, 5, 6, 7]
517:[2, 5, 6, 7]
518:[2, 5, 6, 7]
519:[2, 5, 7]
520:[2, 5, 6, 7]
521:[2, 6, 7]
522:[2, 5, 6, 7]
523:[2, 6, 7]
524:[2, 6, 7]
525:[2, 6, 7]
526:[2, 5, 6, 7]
527:[2, 5, 6, 7]
528:[2, 7]
529:[2, 6, 7]
530:[2, 5, 6, 7]
531:[2, 7]
532:[2, 5, 6, 7]
533:[2, 7]
534:[2, 6, 7]
535:[2, 5, 6, 7]
536:[2, 5, 6, 7]
537:[2, 5, 6, 7]
538:[2, 5, 6, 7]
539:[2, 7]
540:[2, 5, 7]
541:[2, 7]
542:[2, 6, 7]
543:[2, 6, 7]
544:[2, 5, 6, 7]
545:[2, 5, 7]
546:[2, 5, 6, 7]
547:[2, 7]
548:[2, 7]
549:[2, 6, 7]
550:[2, 7]
552:[2, 7]
553:[2, 5, 6, 7]
554:[2, 5, 6, 7]
555:[2, 5, 6, 7]
556:[2, 5, 6, 7]
557:[2, 5, 7]
558:[2, 5, 7]
559:[2, 6, 7]
560:[2, 6, 7]
